34
46
30
31
31
27
38
30
28
33
36
31
35
28
35
33
35
28
38
40
26
34
26
26
35
35
44
32
35
33
32
24
28
33
25
39
32
37
27
28
31
23
27
28
35
23
30
29
26
30
29
26
28
30
38
32
33
33
39
41
26
35
27
34
31
31
26
39
24
23
26
27
28
25
37
36
34
37
35
32
30
36
29
39
33
33
33
27
32
34
31
40
32
26
34
41
39
30
23
29
35
42
25
30
30
39
32
44
34
28
36
30
37
28
42
22
27
42
38
38
36
35
28
35
32
34
35
36
35
42
30
45
38
29
31
33
34
33
35
39
37
29
32
29
43
37
26
35
41
36
42
34
33
32
34
45
29
31
28
33
27
37
34
34
30
30
23
28
34
32
24
40
38
29
36
26
33
37
43
28
34
33
34
42
19
32
35
40
26
38
39
32
31
34
33
44
20
38
28
24
30
30
29
28
36
29
18
29
31
28
36
30
38
39
39
37
40
29
36
29
39
40
40
28
33
26
32
37
33
41
39
35
25
27
28
21
23
40
27
30
29
41
33
36
35
31
26
34
40
16
37
24
30
22
35
42
31
32
33
36
38
40
36
41
29
31
32
29
36
33
33
31
36
32
38
30
28
23
30
33
33
34
33
36
24
30
32
35
34
24
36
33
37
43
32
25
30
34
22
33
25
25
33
44
34
45
26
35
27
31
31
35
39
27
41
25
38
27
33
26
34
37
31
30
31
24
24
37
37
41
37
24
39
31
25
32
18
30
35
36
38
35
33
34
29
36
29
45
38
34
34
33
28
37
32
29
34
31
27
34
42
28
32
29
30
34
27
35
32
30
26
39
29
32
34
25
42
40
29
44
38
34
39
35
29
37
38
32
37
36
35
22
34
30
37
33
31
33
36
40
26
34
30
33
37
38
41
30
42
32
18
37
43
29
27
26
34
36
30
24
28
31
23
26
39
47
43
23
26
33
28
29
34
19
42
34
35
29
35
29
33
22
27
36
27
32
44
33
33
27
40
35
39
39
36
27
31
32
34
41
27
37
23
38
36
36
34
32
24
31
34
37
39
30
36
28
29
29
38
38
27
27
36
26
29
37
17
36
33
38
50
38
33
28
27
32
24
36
31
31
37
34
26
37
36
31
30
35
26
40
31
35
32
34
37
30
37
41
32
28
30
25
25
32
35
43
26
42
37
33
32
25
22
42
35
28
25
25
42
31
30
25
31
32
28
35
33
24
18
37
28
36
35
31
41
25
41
34
39
30
35
33
25
32
29
40
30
29
36
29
33
25
25
30
27
28
40
41
35
23
33
39
36
32
41
30
28
40
45
33
22
29
39
29
49
34
25
38
36
35
27
42
45
40
39
28
41
41
33
39
30
24
39
19
40
35
28
34
35
28
32
25
30
41
30
36
34
26
28
35
39
29
31
27
26
40
30
38
29
44
31
23
35
29
30
43
28
38
22
36
31
44
28
24
41
31
41
44
38
27
30
27
32
37
33
33
37
27
34
29
40
24
23
33
26
29
21
34
26
32
26
36
38
34
25
34
35
28
24
33
28
32
33
27
24
31
31
39
34
34
31
30
30
43
37
26
31
38
34
34
32
28
33
31
28
46
36
42
39
31
20
41
34
27
32
38
27
31
45
39
28
32
27
33
37
31
33
32
34
37
43
38
34
41
35
24
31
34
44
27
29
38
34
36
43
27
32
30
28
29
26
39
46
37
28
39
33
32
35
25
30
26
27
33
36
31
29
31
26
30
36
34
27
35
31
30
33
30
29
27
38
33
38
34
37
31
30
37
39
35
29
37
39
34
38
32
32
32
31
39
30
43
32
30
45
31
43
37
26
24
35
30
33
23
32
39
46
41
36
43
37
38
41
53
42
32
36
27
41
28
46
29
38
32
29
36
23
32
31
35
38
24
36
33
28
30
35
31
29
33
28
29
30
39
30
28
31
28
25
36
27
30
30
37
35
37
33
40
29
46
30
40
28
30
27
32
25
26
31
31
42
43
35
33
24
45
22
27
29
34
26
31
40
31
29
33
41
28
25
28
33
43
27
27
32
24
30
28
37
39
41
28
39
31
31
42
38
29
24
32
33
31
32
25
41
32
38
35
33
43
29
29
26
39
41
33
33
34
31
43
44
28
41
28
29
25
37
33
28
31
41
31
27
31
34
24
44
34
32
28
36
35
32
42
35
38
31
38
33
30
28
29
31
28
31
36
25
31
23
27
34
42
25
45
35
33
23
40
41
29
